
#META,sha256=a0614175d59c0851f5ec9ccd9ef7c474643ffe1c5a54abb22afb565290695631,expected=a0614175d59c0851f5ec9ccd9ef7c474643ffe1c5a54abb22afb565290695631,model_len=6496,series_length=150,n_samples=150,n_classes=2
#DEVICE,chip=ESP32-S3,cpu_mhz=240,heap_size=360560,free_heap=323356,sketch_size=443312,free_sketch_space=1310720,psram_size=0
#ARENA,used=3404,size=32768
#QUANT,in_scale=0.0173435211,in_zp=9,out_scale=0.0410037786,out_zp=8
#RES,0,0,0,2812,61,-46
#RES,1,1,1,2900,-34,25
#RES,2,1,1,2911,-71,84
#RES,3,0,0,2903,56,-44
#RES,4,0,0,2921,8,-14
#RES,5,1,1,2901,-7,0
#RES,6,0,0,2903,66,-51
#RES,7,1,1,2909,-71,77
#RES,8,1,0,2903,14,-11
#RES,9,0,0,2906,-2,-6
#RES,10,0,1,2902,-41,43
#RES,11,0,0,2911,40,-30
#RES,12,1,0,2903,10,-13
#RES,13,0,0,2911,62,-48
#RES,14,0,0,2908,59,-47
#RES,15,0,1,2916,-8,5
#RES,16,0,0,2902,4,-12
#RES,17,1,1,2909,-10,2
#RES,18,1,1,2903,-13,6
#RES,19,1,1,2904,-13,8
#RES,20,0,0,2903,33,-27
#RES,21,1,1,2910,-82,87
#RES,22,0,0,2903,20,-24
#RES,23,0,0,2911,5,-12
#RES,24,0,0,2906,34,-27
#RES,25,1,1,2911,-22,32
#RES,26,0,0,2909,38,-27
#RES,27,0,0,2910,65,-50
#RES,28,1,0,2903,16,-16
#RES,29,0,0,2905,13,-15
#RES,30,0,1,2903,-9,0
#RES,31,1,1,2910,-78,84
#RES,32,1,1,2903,-20,30
#RES,33,0,0,2911,3,-12
#RES,34,0,0,2902,-1,-7
#RES,35,0,0,2909,15,-16
#RES,36,0,0,2903,14,-19
#RES,37,0,1,2915,-13,12
#RES,38,0,0,2905,54,-45
#RES,39,1,0,2906,18,-22
#RES,40,0,0,2904,0,-6
#RES,41,1,1,2915,-52,62
#RES,42,0,1,2913,-24,23
#RES,43,0,1,2923,-15,12
#RES,44,1,1,2911,-25,36
#RES,45,0,0,2922,64,-49
#RES,46,1,1,2910,-32,40
#RES,47,1,0,2923,8,-9
#RES,48,0,0,2901,8,-14
#RES,49,1,1,2912,-4,6
#RES,50,1,1,2906,-11,3
#RES,51,1,0,2913,24,-11
#RES,52,0,0,2910,12,-14
#RES,53,1,1,2914,-1,16
#RES,54,0,0,2902,2,-11
#RES,55,0,0,2928,67,-51
#RES,56,1,1,2903,-30,40
#RES,57,1,1,2910,-12,5
#RES,58,0,0,2898,14,-18
#RES,59,1,0,2916,23,-26
#RES,60,0,0,2904,63,-49
#RES,61,1,1,2912,-71,83
#RES,62,0,0,2903,49,-38
#RES,63,0,0,2908,33,-34
#RES,64,1,0,2901,-1,-1
#RES,65,0,1,2909,-1,0
#RES,66,0,0,2901,57,-47
#RES,67,1,0,2910,0,-4
#RES,68,1,1,2898,-13,6
#RES,69,1,0,2918,3,-9
#RES,70,1,1,2904,-23,22
#RES,71,1,1,2909,-10,4
#RES,72,1,0,2905,5,-6
#RES,73,1,1,2908,-97,99
#RES,74,1,1,2901,-116,116
#RES,75,1,1,2909,-26,20
#RES,76,1,1,2901,-7,0
#RES,77,1,1,2912,-49,62
#RES,78,1,1,2899,-59,67
#RES,79,0,0,2912,24,-29
#RES,80,0,0,2912,62,-47
#RES,81,0,0,2912,52,-39
#RES,82,1,1,2904,-45,58
#RES,83,1,1,2907,-39,32
#RES,84,1,1,2901,-15,5
#RES,85,1,1,2908,-17,10
#RES,86,0,0,2901,61,-48
#RES,87,1,0,2910,16,-20
#RES,88,0,1,2898,-6,-3
#RES,89,0,1,2911,-14,9
#RES,90,0,0,2903,-2,-7
#RES,91,1,1,2919,-43,50
#RES,92,0,0,2904,13,-17
#RES,93,1,1,2907,-98,104
#RES,94,0,0,2901,14,-17
#RES,95,0,0,2909,5,-14
#RES,96,1,0,2906,-2,-4
#RES,97,1,1,2927,-113,112
#RES,98,0,0,2908,64,-50
#RES,99,0,0,2922,6,-10
#RES,100,1,1,2914,-128,127
#RES,101,0,0,2918,61,-50
#RES,102,0,0,2913,35,-24
#RES,103,1,1,2913,-10,15
#RES,104,1,1,2905,-44,36
#RES,105,0,0,2910,2,-3
#RES,106,0,0,2907,6,-12
#RES,107,1,1,2910,-128,127
#RES,108,0,1,2910,-6,-1
#RES,109,1,0,2910,41,-39
#RES,110,1,0,2902,14,-18
#RES,111,1,0,2915,7,-12
#RES,112,0,0,2908,43,-30
#RES,113,1,1,2909,-116,115
#RES,114,0,0,2902,12,-15
#RES,115,0,0,2922,46,-37
#RES,116,1,1,2900,-70,75
#RES,117,0,0,2910,44,-34
#RES,118,0,1,2903,-17,12
#RES,119,1,1,2911,-66,72
#RES,120,0,0,2905,26,-20
#RES,121,1,1,2911,-39,48
#RES,122,1,1,2909,-28,22
#RES,123,1,1,2910,-72,82
#RES,124,0,0,2902,62,-47
#RES,125,1,1,2911,-30,41
#RES,126,0,0,2899,42,-32
#RES,127,0,1,2911,-18,21
#RES,128,1,1,2904,-101,104
#RES,129,1,1,2912,-70,80
#RES,130,1,1,2903,-92,92
#RES,131,1,0,2908,5,-10
#RES,132,0,0,2909,58,-48
#RES,133,0,1,2909,-22,15
#RES,134,0,0,2902,56,-41
#RES,135,1,1,2912,-30,43
#RES,136,0,0,2898,61,-47
#RES,137,1,0,2910,10,-12
#RES,138,0,0,2904,32,-22
#RES,139,0,0,2911,2,-3
#RES,140,1,1,2904,-31,43
#RES,141,0,0,2908,30,-12
#RES,142,0,0,2903,9,-16
#RES,143,1,1,2918,-60,74
#RES,144,0,0,2902,4,-12
#RES,145,1,0,2909,17,-21
#RES,146,0,1,2899,-29,32
#RES,147,1,0,2911,2,-4
#RES,148,1,1,2904,-14,25
#RES,149,0,0,2910,64,-49
#SUMMARY,correct=116,total=150,accuracy=0.7733
#LATENCY,mean_us=2907.4,min_us=2812,max_us=2928
#MEMORY,arena_used=3404,arena_size=32768,free_heap=323356
#END
